pid:
  x:
    Kp: 0.000042
    Ki: 0.00000
    Kd: 0.000028
    max: 1
  y:
    Kp: 0.0000
    Ki: 0
    Kd: 0.00000
    max: 0.1
tolerance: 0
servo_center_service_name: "/servo/center"
